ee indtcum numero dato cor-responderam. 15

ἱ p= 173

Numen-L

p—1=2¹·u

Indicu-

 

12 119103 ³1 631152165137 11135 93
1³ 159110 149 05 ³3 02 1061311571οΙ
14 22 99 1³ 145 47125130 66124 39

15 89141 29 44 95 20117 94 77 87
10 192 75 78 5109 58 88 50 ⁵2

Notumismlslswvlslv

1 4127 33142 44170 52 89 27 85
2 17 38110 98 46154155 21 57152
8 11 122 05134102 2² 40 42 98149
4 30 74 51 00153 5101144 59 62

7⁰ 72165 m
6 24 109 1³⁵ 45 78 133117 50 115 95
7 85 23 53 94 55101111159159 71
Β 43 28 87101 04 80 731159 168 15⁰

76 72 25 75141

10 8139109121 9 29130 el 47164
11 131 49 831110105 79 6156 32120
12 ³7 82 10181148145 58115 91 07
1³ 145137150115 6³ 121281251οθ 1⁶

14 48151 90 97 06143107 09 ssim

1⁵ ² ει 1111113171 11³ ³1³8 81 1³⁰
ιε sunu n ⁹⁰ 1⁰0 125117106 77112
17 '³1⁹⁹ 861 Ι

 

 

 

    

     

10100105155118100105 99 32
l 141157138127 17170 89174129 97
² nlwl‘m 7 70103 19 11 110 25
3 01 94 45 Μ 95 71173119110 811
4 u 8 Sl) 84 124106 mm 57⁴1ae

5 77 54 3 30 1²1 135 107 175139137
Β 117 96 65113 Εβ ‘28 ⁵11⁵ss 85154
7 201¹] 80 ² Ἢ) 91 31 131 57 ³3
8 1⁵1 78 EC 10³ 1³⁵ 97 75 34 161 178
u ιω 7⁹ 711 ul ω 731 14114011111 ³⁸

     

 

 
     

       

 

  

     

¹1 74 75100 05 93 34 29 1511189 70
5 53 76 9 79 87129 7219 99 8
4 147101148144175 ³² 138135158 4⁰

5 107 65102111 51 1³3 64 'remano
8 1²⁸ 94149127 8¹2 52157 48100117

 

7 24 35145 95 92 sam 50 Sl 91
8 42 90174 150 43120 :³⁹¹1ssae 58 15
9 10511671 3811281 ³1 1321 811 85119113]

