99 Tabulae numerorum ad indices datos perimentium

,0:211

Numeri. p—1=2·3·⁵·7 Indices.

wwmfflaememe mummmoemnwaew
nmaemwwmmmmffl naemwswwmwmz
mmmmmmffi¹⁴m mffiaemaeffmmmw
wuwffimwwm τῇ ηωωωωωθωωωπ
uoemnmwmmwm maelmwfflmfflmm

Ι
15199195 19996131 381191 91 51 68 15189198 73 75 8163 91 95187999
16161 71169155 66 88 17133197 9 16 53169 17 68 61 13197191185169
17 73 97 36 18 61 15 99 97 591119 ' 38139998 59 97 67191 95199119
18 58 7159999196168 13158179 93 18 19 99116991 66 19991199 81119
191919959931391193 67 19166151131 19193 711911198136151 79 35 81159

{t} 311186 371991183 33 1119911791159 11911191199 761911153 93 99 61
1 1 1 Ι Ι

3
118 8

 

p-1=2·³·³⁷ Indices.

mmmaewffnfflm
ιπωηήωωηω1ω
2wQOmwmmmm
ammmmmss4wmm
ammwuwmfflmmae

38157 9 991 8 89131195166 99
6 98 889111193138 191197186 76 91 Ι
7 18189116169 39167199198196176 7 133197·196 19196193168139 99 13

fflmmmmmaew sffiQmw

sfflm
οππμωωωωωῆω υωὛω
ι

 

1919611681119175 81111 79 51 61191 19 91191195 63913 39199115 3 76

11156999913193115 35197155919113 11 8 93991119187111Ι 31911111199
19 1511591169159111199198165 89991 19 171 11 9911317917119991116196 97
13193 93 7179 31 87991 3 39 77 13169 56189161 17179 91 89161191

191118 651991 33197178919183 16 11 151195915166191193 98179911 85

15 11119 691171179 6 69151999 13 15 191917 86 99157117119 51 31919
16139185 66911133915113 99 98 57 16 73 11199 15 19197 58 75191 96
1911951351 19199 85181 96 37117 17 193 81918 95153 98 79 38116151
18139995 131997 63181 56111 95 97 18 71176 87118185161 67199 1 99
17 91 171179139 59 71 71 11187 19 33991 93 97199 57 78 66 77 89

ωωωωωωιωωωω wwmmmmmfflmom
mfflfflmemmwfflm ”Qffifflfflfflffissflwffl
wmfflstl ΗΙΙ wmmu 1

 

 

 

