12 Tabulae numerorum 1ιᾶ indicet datm parthemium

p=139

Numeri.

p—¹ - mas

· Indica.

 

1 11111713 11616171919

921124 10 86128100 20 294 27
1 121 {²⁴1³} 98120 59 7 BE 34 70
2 46 62 5 ⁴3 (ss 50 1³ 84 88 1³0
³ ⁶1³⁵ 49 00 99 7³ 4¹1 17 85 23
4 31 72 m ³² 25 70 42111 65 ὃ

b 1³7 91 30119100 22 78 87 81 85
8 30115 16 82 38 21125102 71138
7 47 15179 5³ 11 391131110112 le
Β 127 S 41 19 80132 M 105 09 93
9 77134 98 75 80126 55155 9158

1 so 79 1ο 116 9517717111611111
67 as 1117111 63 97 79 71136 7
1611191711 33117 61 67 63 611113
7111731 67110111191 111 371 991 11

ΝοΙιΙ7ἰιιΙι 5111471919

lasne 1911111] 77 3ο 111 81 ⁹8
1 ³ 71 11 761135 71 67 37 79 99
7177 65 65 391911 11 7 9116 s
³ 52 w 1317318 as 6⁰1³ss 6175
1 1113 67 aa 2³ 96171) 711 711111 aa

⁶ ⁴25 86 120 73128 90 97132127 15
fl 3³125 21 1111 26 48101110137 88
7 19 58 41 35117 93 45 90 50102
884 586328 27 59 457 17 94
9 101 42 1 89 ⁵1

6131 07129107 87 511121091Ἇ1
77 47 78 701113 51108124134 53
11 nomem: 7 aa ⁹5 so ε 77
791 171 371 991 91 3111191 ⁵0 1191

 

 

p= 149

Numeri.

p=¹=2¹-³'{

Indica.

 

οΙ1171311 1116171917

1111100108 17 21 01 14140 58
143 891Λ5109 47 23 81 05 54 ⁹³
30 02 24 91 10 11110 57123 88
82 75 5 50 53 ⁸³ 85105 7 70
1οΔ 116119117179 98 88115107 27

121 18 31 12120 S 80 55103130
19 41112 77 25101116117127 78
³5 ⁶² 73131119 1³9 49 43132128
88135 9 90 5 60 4 40102120
58 84 95 5011 87125 58133188

³9 97 76111 67 71111 99 96 ss
61 11117 79 as 9 ³0 7 zu 61
m 31 17177 73131119137 79111
es 91 1171 1313911181 371 7711711 19
33137 771 711111 971 761 171 11

’Ν οΙ1Ι713Ι1 6117171919

1191171117 96 37 sa ³⁸ 66 97

1 1 77 63133 7117 71 1 61119

7 ns 6117115 77 61107 19171179

3116 671111110171 7ο 7111311 asmo
97 111177 77111111137 um

83119 71 {ss 18 ⁵7 9³ 27 97 9
85 6 21 1201110 17108104 90130
Ι

3914311171 77
66 16 3ο 96191
sa 2³101¹ 19131 97109116 171117

105 al 140 08 59113
35 46 85 80 u

7 65 ease w ³⁷ a 19136 1³

76103 ez 91111 17 ss 87176 17
17 61161117775138 96 119 69 79 u
1³ 13111761 791 991 73 1111 691177Ι 99 76
11 911791117111111116 17111 131 71

 

 

