ee naccum numero dato oonapondemt'wm. 15

'⁵ p= 173

Numeri. p — 1 = 2¹ = u Indice!-

 

172 13 7 26163 20 a! 89 14
1 4127 83142 44170 52 89 27 85
2 17 aeuo 88 48154155 21 67152
3 11122 65134102 2⁴2 40 42 snus
4 30 74 51 60153 5101144 59 52

97 4 18 81 105
70142120 21 8
63 24108 140111

67 42 16 72151 74160 28126 48
43 107 49134 EC ³¹2 144 129 148 147
⁵ 79 96 86 41 98 95168 64115
85123121112158 19172 82 23 17

6 167 96168123 34118 70 72165 19
6 24169135 45 78133147 sous ⁹⁵
³⁵ ²³ 53 94 55161111115816<ι 71

8 43 28 87104 st 80 731591661Εο
9 18 1114129157 76 72 25 75141

10 81391091121 9 29136 Sl 47164

11 131 w 83110105 79 6156 32120
12 ³7 82 10181148145 58115 91 67

13 148137150115 63 12128126108 16
14 48151 36 97 66 143107 69 68132

1 9168128 §7170 73 69 61143 38171

ζ 10 164 4 34153 83114167140138102
11 118 761691155 92 68133108 55161
12 119 103 ³1 5³=15² 165137 11136 93

Ι 1³ 159 110 149 55 33 62106131157101

114 22 W 13145 47125130 60124 39

15 8⁹10 ²8 44 25 26117 M 77 87
{fl 1³:1¹3} '11¹3 61109 581 881 501 621 61

15 ⁴2 semmua 11³ ³1³⁸ suan
16 56119 41 90100 1251171116 77112
ιτ ⁹³5 99 εεΙ Ι Ι

   

 

   

   
       
     

10100105155 1181061415 39132
1 141157168Ιῖ7 17170 89174129 ³7
2 12120120 7 711Ιῶ 19 u 110 26
³ 01 u 45 ss '1⁶ 71173119118 96
4 144 S 80 84124106 49132 671133

5 77 54 ³ 60121138107175139137
ε 117 κ asna ε 2³ ει 1⁵¹1 sehet
-ι mm ιε a w m 3113157133
fl ’4 78 unni& 97 75 34181178
ο ιω 79 71] ul m ⁷³5 ulnam-1¹³8

    
    
    
 

  

6 107 salumn 51133 64
0 126 941491127 82 62152 48
7 24 8514515 92 861721
Β 42 30174150 43120 89122 68 16
ο 10511571 sim! ³1 ¹³²1 ⁶¹¹ ssnolm

  

100117

