mulam 2222122222. mm 22222 νωιὰῦιωὶ

dep 12Ρὰ. 2122121212Ρὰ. dep delam. dep lal’e'1·.i

229 222 662 2229 2222 ξ
222 222 622 - 2222 22
222 222 622 226 1
222 222 622 222
229 229 692 ῖ 2222 ²

222 222 222 ’
229 22 229
222 222 229
262 262 222
262 222 222

262 222 229
229 229 222
222 226 252
’ 292 292 222
299 292 262

¹ 222 222 269
3 229 222 222
ss 222 22 222
222 262 292
222 222 229

567 91 811
557 878 881
563 081 823
669 986 827
671 670 829

577 576 839
587 293 853
593 592 857
599 ²99 859
601 300 863

607 808 877
613 51 881
617 88 883
619 622 827
631 315 907

611 30 911
s 622 262 222
2 222 222 229

662 226 922
669 622 922

 

