et buddam» manem dato mnespondemwm. 13

p= 151

Numeri ρ- 1 = 2·³·⁵¹ ludim.

   

 

  

1 ⁰ 1121³1⁴ anmals

114 10 88100 75 94146 34101
1 88104 78184 05132 98112 84 83

150 70141140 m 61 ³7 60'132
l 2 841811011οἹ 73130 88 52 80
2 72 28 104115 51 14 01123 27 54
8 148 58 50 25 8119122 76 10 92
4 142111 98 88 ‘M 84 35 80121 74

    
  

ῚἎ 54118 87

18 89 29135
80 60 45147

1⁰³ 115 104 93

189142 31 61
148111121 58

     
 

   

   
 
   

SA 7⁹ 91 fin 43110 97 81124 80

6 83 58128 19100 33 95 98 78105
7 80137 Aa 87146 5 8⁰ 71 12117
Β 52114 31 8 18 20108 45 94 53
9 lanso 105 49 8 22 41118144 15

10 4 9149 48 11 110139 99113 ’23
11 86 67 17 8⁵ 1 47 44 83100125
¹2 133 88129102 48 DS 89126 40 ²3
13103117 111117 13 55119 31 15 ⁶⁶
14 108 77 5711551112 136 7 55 08145

 

10118 18128130 22 90 69 14 86140
11 105 41144108 81 23 55 79 07 85
12 M 48 86 07 58 1191271811Ι 80122
18 16 10 9120 90143145 71 911106
:³⁰ 74 1³1 186102

        
 

   
         

14 4 ³ 40 98149

      

    

 

 

 

 

p= 157

Num-i. ρ-1 -ι 1·-;1- 13 111111·οα-

Iolla ahsolssslfl ΝοΙιΙΗεὶι 516 7ῐ5Ι9
119 10131100 sa ⁵⁸ 51109 79 155117111138 11113 57110 es

1 ue ⁵ ⁶7 ⁵0 ⁴2 19105 maus TA 79116

¹ 1 81111 2⁵ 11 ⁹³ sam» ⁵⁹ ,171111 1119 13113 ει 9⁵ 11111 51 ³⁹ 1⁵
³ Μ 91 391751051511178 unas 22⁸ a 111 semna 111 us 70 18107 ⁹⁶

¹ 4124128141181154 54107 69 14 82 4 140 75 14151134 99 72

’ 5 1411140144 77 27140118 7 81 70 5 18 sun 25 45 7 80 82 6 27
8158 72117 92 71185 8² 94 85155 6 115155 49145102141109 12110 47

¹ Ἰ 86187 saluus 41 47 sem 18 7 59 64 m 8³ 19144 98 58 87 9
8147 03 57 78 99 102 48 78 91⁵2 8131 20 66 97 5139140137125 82
9 90107 115 128 51 24 39 8³ 76 45 9 90 :³1 53 24 67127 77 87105 84

¹ 10132138 64104 10 98120 38101 56 10 &los 85123103 34 16 91 35 S
11 68 32 52 fl 49 60 19129 ³3 84 11 154150 21 55 73 92153 52 18 20
12 16 26 8103 80 88148 95 17 8 12 1061148146 41 40 38188 46 98117

13 1³ som 15 44150126 87 4 85 1³ 13¹1* ⁴³[mu 17 3 65ι101 71 88 1

14 40 85 85 22 75 ΒΙΉ 0121 00 14 50 42 55125 ⁵2 26 74 80 10 51

15 111 48, nunno 61 1 15 1³51 85 SD 50 44 89 78

 

 

 

