16

ι

Tabulae numerorum ad mdicu'daton pertinendum

p=179

Numeri.

p-¹==²·oe

tudina.

 

Ι οΙιῙἏΙεΙΛ 516 'Melo

10 22 41 52152 0 00 5 50142187
11 50 53172109 16160188 004153 08
12 85134 87154108 0 80 ⁶3* 03 3⁵
1³ 171 90 05 55 1³ 1:³⁰ 471121 ds 102
14125176140 58 43 72 4 40 42 62

15 8314114 50123156128 27 01 15150
16 881143177150158148 48122 140 28
17 10111151 751 441 821041145 18 - 1

 

Ν ⁰ 1121314 εΙσΙτ ⁸1⁹

10 2170180 83175 3 fl* 58124118
11 w 71137 83151 171 ³8 61] 5 ³7
12 ’21 54157153 44140 22 13165 18
13 105 77 47 40121 84 55 50 12 58
14 071 lu 1118161 40 17⁶ 168 881ὥ142

1⁵ 150 80 07118123 4154 11 184163
16 1151 88103 25 60 7 4511101111 00
17 1511301112 301 17 571411162 80

 

Numeri.

 

¹ 10 82 77 46 08175 26 70 mlv! 84

I ol1lzl³I⁴ ⁵1⁶!7ls 2

10100 95 45 sewum 04159
l 142153 82 06 55 7 70157122134
2 7³ ss ⁶0 57 27 80 me ³1 120 23
8 40128 1³ 1³⁰ 33140 42 58 ³7 8
4 80 75 36170151102172 91 5 50

5 135113 44 78 55 17170 71167 41
8 48118 04 05160 61 57127 0 30
7 110104135 83105 1551112115 04 07
Ε 85107165 2120100 A 40 38 18

9180171 81 86130 93 2⁵ 60147 ²²

10 39 28 09 85128 174111 24 50 47
11 100175121124 154 02 15150 52158
12 132 53 168 51 ns 32139113 144170
13 1111105145 2 20 m 0 90176131
1 08137103 125 154 11110 14 140

15 108 83 87148 1² 120 114 54178151

17 116 74 1515111152 72 177 141 143161
18 1

 

 

150174 11114 75 fl 17110 0
1⁸ 173 u 4511Ίο 145 82 20 58122 u
17 58 01 4811111οῡιι1138176158 40

 

 

