98 Tabulae numerorum ad Indices daton pertinentiam
p = 613

Numeri. ρ-ι 2- ²¹·3'- ιτ Indices.

1 011121314 111617Ιεί9

45 07 305 565 303 501 94 5501 15 480 05 45 “47 2751283 374 005 18812733001208 wfl
40 ’07 280 570 403104 103 447 205 430 274 46 122 189 290 463 382 921256136 887 230
47 186 ⁴³5 434 402 004 ’125 592 554 564 271 47 22 357 294 31272 506 530 771319 000
48 90 428 210“590 490 55 326 111352 230 40 458 w.) 42 347 240 185 359 4904507

49 4128 4181503158 1521573 550111 487 49 484 323 50 274 340 110 2031081550 89

50 250 3Ιο mn 540116 341475 488 201 117 50 70 4541102 403 71 130 207 460 543158

51 00273154 24155 50560 ³35 290 373 51 50 589 309 310 340 111424 85138140
52 280 53 470 328 75 61 175 03 204 808 52 531001427174 226 304 081 05 21354

53 476 520 891396 412 311144 317330 331 53 221 530 30 129 555 50 573 556218 47
54 171 508 3091508 318 368 120 4501301 437 54 5031597 112 800 261 444 lusum 102 552

55 98 1111549404 55 341537 20 27 251 55 254 386 78 29 477 505 45012091248 497
50 03 177147 ⁴1³ 343 5551590 00 3891101 §fl 1151525 044 70 478 452 5161110 541 50
57 48 §so 170 ⁵³6 601 1201585330139157 57 4621109 04 408 425 111414 352153190
58 120 1621280.3781449 1601 20 219 265 511 58 ’712507 1411300 820 70 252 280 440 207

2
59 414 3793530621415 4071151541 148 445 59 'fidas 4781251 06 107 5001 02151331
014741429 881529 373 184

80 141122132911071859 154 429 242 388156 60 4155741181
ει sssm ιΙ l Ι Ι Ι ει ειΙι-ιειξαοε fl

 

p=617

Numa-i. ρ- ι == 1⁵·7· n ludim.

Ν 01112 314 51817181ιι

nn 276 249 285 1371301 10 398 292 010 02 401 184 315831141270 300
1 22 382 519 542100 278 452 220 118 254 1 7 534 5⁹ 487 200 406 ³68 2801458 214
2 484 383 312 Ι101 3-19 ’03 72 521128 35 2 00 005 10 559151 446 570 241298 595
0 150 405 77 100 274 40 350 356 315ι 153 ³ 198 092 460 409 081 29 550 300 300 002
4 413 272 460 415 475 05 290 428 252 201 4 101010 81508102 281 35 404 243 228

5 448 431248 492 578 52 042 101 008 12 5 38104 55155 333 49 390 00 71542
0 001227 520 335 376 27120 457 419 264 fl 90 415 484 480 552 402 501 140 173 434
7 65 581331 5831251 1081721825Βο 255 7 121260 20 441478 1398 32454 1³⁰

8 771 42 561480 580 1471 821302 4201 57 8 183 us 80128173 04 000 470 194 409
0 411307 2 203 552 498 5701474 6021 20 0 73 5⁰1 127 267 400 120 305 970 320 284

10 1791584 44 147 421 071200 556 2871440 10 14 250 256 33 147 520 247 470 425 410

11 430 508 351 149 7 4021 811500 144 425 11 41261482 448 181 4741453237Ι 18 403
12 501 7013101103Ὶ154 00 548 921 831 05 12 601452 50714851570 011572 Ma 28 ³88
13 79¹306¹2⁰9 5441303 313 3301734592 239 1³ 194'391593 328ι240 156 505 558 520 539

14 04502127912451496 ³6¹1 ⁵39 1041 671322 14 101270 35214051118 1015004103570 11³

 

 

 

