a mdiwm numero daeo oon-apodemium. ⁸ 11

p=131

Numen-L- p-l-²·5·13 ludim

 

ιοι11131ι 51617181» Nollzlsslae 51817189

1 101100 83144 47 771151021οὃ 100 89126 36 48 79 38119122
1 11³ 82134 78125 ’11 55 26129111 1 1 98 82 64121 44 72 59 75 45

’ 2 62 96143 37108 ³² 68 56 86 98 2 84 34 51 89115 96 17118 74 73
8 63106 12120 21 79 4 40 7 70 ³ 127 67 25 94 12 86 28 23128 60
⁵7⁴ 48 67 15 19 59 66 5 50 4 ³7 58117 22 4 40 42 ⁵ 88 76

5 49 551100 78 71 10 27 41 26 46

‘m ³0108 112 47 Aa ⁹5 85
111 91106 92 81 8 1³ ³⁵

39128101 95 13130121 91 48 87 fl 80104
84 541 10 w 28 18 49 97 53 6 7 ³9 15
60 76105 2 20 69 ³5 88 94 23 8120114 11 ³ 70107105 69 87 52
9973 750530 682511911110 §tumulariam 93 21 77 2990

52127 91124 61 86 74 85 64116 10 2 62 8 9 53 82 ³1 50 u
112 72 651126 81 24109 42 271 8 19110 10124 7109 56129197
80 14 9 90114 92 3 90 88118 12 ³3 86 57 54103 14113101 61 18

111111111 mammii!

 

 

Numen-L p-1 = 2³ -17 Indica

 

   
   

  

136'130

 

12 7 84140 40 69 6 72 42 13124 2³ 7 2118 20

⁹³ 20103 3 36 21115 10120 70
18 79128 51 00 95 9108 ⁶3 71
m 86 7³ 54100104 15 43105 27

50 62 76 90121 82 25 28 38 45

129 41 81 131 19 91 183 89109 75
78114135113123106 ,Ἢ 57 138125
1³⁰ ⁵3 88 97 08131 65 95 44117
94194101 116 22127 17 67119 68
11132 77 1021128 29 74 86107 51

64 ⁸8 ³7 &¹122 M 821110 88 85
014710 5511211199192 8 98
ww! 3:³1 22 13111 ⁶²1 ⁵⁹ ²³

     

 

ll 15 841129131 46 47 39128 95
301331061οῧ 80 25 14102 48 881
5 51 9 ³¹1 'ts 49123111125 41

40 99 41 71 83118120 67 891281
24110127 28100 76 97 87 74 6
1929 832955942926021

     
   

        
   

   

        

 

     

       
  

11 mvnsm m ει ιε ⁸³ mm ΒΘ
12 18 441104 84121 69 22 85 94 50
1517017519115518. στΙ ss 1

        

[2']

