1⁰ Tabulae numerorum ad indices datos perunctum

p=113

Numeri. p — ¹ :- 2⁴ · ⁷ Indim-

 

10711‘11314 5151718113 ΝοΙιΙπῘεῙι ΗΒ 71819

10100 96 50 108 03 55 85 ⁵⁹ 112 52 701101 51 10 72 11 10
11 27 11 101105 4³ 01 0 l 22 71 58 12 28 05 59 08 03

80 35 11110 83 80 51 58 15 37
³1 81 10 38 11 71 32 01 30 21
97 66 05 10 8 84] 9 90100 7³

52 08 2 20 87 70112103 1³ 17
57 5 50 18 28 51 88 80 00 80
00 12 7 70 22 107 5³ 78102 Β
80 71 02 55 08 78 82 20 01 75
72 12 81 10 77 02 16 17 18 07

⁵8 ³⁹ 71 1⁰³ 11 1011013 61 87
80 3030 101111 21 38 20 ³³ 25
105 81 91 17 11107 13 07 03 32

022050 768583 10027 0
20100 82 Β 88 7 11 00 51 70
7³ ³⁵9⁰ 19 81 80 8501 77 55
15 02 EG 21 31 8 00 51 80 ΙΠ
1718051008712 3108158

2 15 78 57102100 10 7⁵ ⁵ 18
2311081501

υ· σωκ.-

-ο enan

10 105 83101 ²³ 1 11) 01 151111 1³³

-ι-

11 28 31ι 1 Ι

 

100 70 10 71 55100105 15111
31 23 0-1 85103 51 08 11 2 nl
1320213738830050815
51 15 70102 59 28 1 55 26 10
12 summm 90212290

³177 1158 8110 52 80 8112
m 120 120 18 57117 53 82 27 11 30 68 151οΒ 5 93107 28 31
22112 15 03101 33 11 21 70 00 ¹ 2110100 21 1118 78 51 01 82
8113125 351141071111114 51 11γ 07 57 02Ι 01 25 58103 1³ 1172106123
0 3250810082 &mumma 10 10 17 7³ 12 2711118010 08

10 72101 87 85121107 88 67 61118 0101 ³3 11 71 7 85 81105 1
11 35 5 ³7 00 50110 ³1 110 17 75 ⁵⁵ 0 71 Si) 88122115 08100117

12 171131115180110 7 1 621101 18 00186 811 031

 

 

