110 Tabulaenmmrorumadmddusdampmmmm

 

  
   

 

 

 

 

 

 

 

heim

91 9’,197 9511155195 999

1515151 99 115 u 197 5171

159 sapsa 51557 991 599

199 51977 979 915 519 195

991 919 951 915 179991 asc

195 5995597 199 991 afl'we

971 195 199 99 999 919 155

195 175 517 991 1151919119

179 197 119 159 5511191 599

557 155 199 599 997 9911199

197 957Ι959 591 197 599 591 ’

9911 m} 95 . 71111] 599 5911

515 195 579 159 9551915911

579 σοι 555 191 1591551 99

959 199 915 1191795915115

591 959 595 599 959 917 m

591 195 199 9711 111 195 91

5117 511) 999 199 119997 971

5 17 559 955 999 79

155 559 599 159’195119

’955 19 999 91 991591

15 199 9177 m 199599

5191771119 15 1711999111

9111195171 511591 m 995

199 m ⁵6⁷ “dms 519 955 99551 159
¹1 ἶ ι 1 1
mu 911 115 91 997 991 559 79 997 1117 117
559 919 155 19 19 aso 599 595 915 915
117 915199 19 5117 157 515 159Ι 199 vu 10⁷
997 59111119 195 19 1911 ’991 - 559 151 159 57
,5191991579 119 595 517 957 951 971 15

 

39 ³8⁰ 805 119531 38
Ι1955 99ἶ171 99 595919
4448 5οθ447 16 547 188
³4⁵¹155¹²32 43135 ³2

555 975 111 nimius

105 383 2⁵⁶ Su 444
θ’]ξὶ

 

285 ΙΒΔ 857 nu su

 

 

χ small 440206239201118

³12 uls 63 185 DS 51161873 Ι119 am
“1¹45ss :waszo 181165 Mllkw'ffl.

 

 

 

 

 

 

 

 

 

  

 

