206 Tabulae numerorum ad budica daton permantum
p = 967
Numeri. ρ- 4 - mser-21 ludim.

 

1 1111171314 5161713111

 

ss 7351407
36 60771
37 1705 463 1001731 77
33 57 5606 5701 50 131 365 5110043314
33 165 7771437 633 501 -01 61 175165 610

30 733 333 703 341177 73 340 3113 730 637
01 1701164 zm 373 673 76370 373 760 330
m ⁵77¹s³1 77 3351574 7711“647 305 765 663
aa 3471776 3765631431 771355 75’770 314

94 7501931140417311607 1771511176817531575
05 16 761 015“6911811 4171141167418071113

85 3817181567 677 716 785

787 86 751 161
001 707 551 ³³7
1¹1³ 876 484 ⁴283

37513161707 43

37³ 8611041 w

 

 

 

 

 

Numeri.

1

 

 

Ν 61117 314 1116171313

36 611351300116

6 283 180 6³³ 773
12 877 768 037 615
10 81 750 177 30
53 717 587 777 863

7 ua 715 767 8⁴1
57 7081011685 10

87 71 08 1711Ἄο 14
88 135 374 577 043 001

88 57 137 154 588 77

80 188 580 091 45 866
01 7 848 768 ²8 880
07 7 771 680 677 786 1³ 757 667 017 341
⁹³ 001011 408 7451197 2³ 830167719601760

34 061364131313331636 4301775154417661355
35 657133515331677 776 00 551436 765 747
36 534 717333 653 674 7114331 1 1

Indices-

 

1 0111111314 516

1 101100 731730 531341

1 1637103113 45400715363

40711361360 s 605001174

3 3014151334 43430 16776
4 131796

534 114
373 317
333 131
417 733
637 73
554 665
4101716
3431577
7711413
474 356

4341356
7371373
363 767
48 180
344 577

17 170 816 071 36

5 30 5⁰³ 175 770 77
8 531530 116 506 805
7 18 788 ’138 106 105
8 151111 7763187117

Β 1161518 ³2⁵ ³27 157

792 157 510 ⁵³5 ⁵21
002 781

1
u 16 4111376 347 557 715 ³⁵³
15 415268171810831817 Ι 176 847 'nn
16 1²³ 788 0381601581 1111101 1061761
17 78011771740 5481625 17413501 641 614

13 141777137313671757 7731333 341340
1

 

 

6071134

1111314 1116171819

070 885 308 400 86 7811501115 616
660 708 100 165 01 8001876 ³³1 ⁹58
758 ⁵4 708 423 77 7061021 850 0
mamb 617 501 736 16 806 871 708

67 ⁴73 ³3 7³9 101 40 1381000

7111800 60 638 5 565 701 6881000

4561078 00 ¹1³⁰ 77613671867 306 m
138 761 10 611 80 3861789 5131 75
7671757 884188 1011718131111541711

910 608 551 777 7² 82³ 181 615 056

7371333 603 605 741745195413541365
73417301367 ⁹ 34146311563741656
6731711375643 3 731 737 m 341

6741 7714361667 uo 'n 7431371 m
3517 313370 446 163 734 mnam

768 101 ⁵¹1² 504 0 078 185 ’160

74313474771467 3354317741 37 10
60714333441 75 57 1611317461
,561165517641413 71717501745341
70133317771130 1141330134ομ701137

 

 

 

