174 Tabulaenunmrumaamdaudampmmmuan
p=863

Naum-'5 p-i a 2-438 Indim-

ῙοΙ1Ι1131151817Ῑ815

7ο 8815881111 117 7 ‘192912‘311'521 7ο 185781117158819 11 1
1 71 mmm 88581] §masadan-2⁵⁶1

⁷² 5 5051111885 ⁰9 ³2³ 811 5118888 ⁷2 111 asu 788 757 ²2 m 181 ³⁴³⁹ unm

78 1 m ⁶7⁵ 708 18 uu 177 155 ²³⁵ m 7³ 71 188 m ’1115 588 ea 22³ ⁶7⁰ 8 1117

74 199 184 51 510 785 83 830 533 1511857 74 11493 385 191 158 495 78 559 885 871

1 75 9111 ²⁵7 844 873 89 849 713 9184871 75 57 310 585 409 881 5 819 888 811 890

ἶ 78 89 sm 449175 14 uo 874 899 88880 78 807 459 171 433121 77 818 817 819 590
77 583 452 105 814 51 489 375 1984391 77 misam 447 148 581 4 813 ³³7 894 374
78 458185 81 810 59 90 711131015711532 78 14 815 59 858 72 744 591175 487 989

814 37³ 278 79 ’04 071 117 815 189 157 181 28113 411

¹ 80 191 184114 177181 84 melma 189 801 80 18 817 951 50350 17 119 178 187 m
81 11 758 878 719 988 271121347 18180 81 91548311191 197 ”

81 74 740 408 845 409 339 801 243 704 ⁸² 1⁹5 2³⁴2 483 718 m ³³ 2⁴7 519 478 115

893 18 180 11 83 48 179 885 770175 38 5831118149 883

84 110 237 844 399 538 101.194 351 58 580 84 8 550 90 574 758 7 835 137 018 788

1859 ΙΒΒΓΙΊΙΒῧῡ 783 88 85 184191 ausu-22⁴⁵ 57 514 49 190 715
88 789 57³ 431

14 544 7³³

ἢ 79 141557391488985198154

 

 

Νυκτὶ, ρ-1 == 1‘-³·⁷³ Indice.

 

      
     

41 101410 100 891 110 781 353 794

1 ⁴2² 47 2104470 »148 ’115 75 519 750 805

157,455ἷ893 185 791778 17 714 170
ὃ 114 8135363337 111 709 349 374 799 23²

1 1 »7588180388 55 171 saum 58718

5 0 174 192 883 289 737 159 354 880 9-1
¹ 8 87 3101185 589 119 418 430 771 8⁵² 701
7 7 141131 140 430 8481811 8111327 579

  

1 1899780779491101748 17 83737
² 189890 10776 71 08 9018187834
³ ’188532 59109114119170818 48080
4 378498 1178197 87 87 11158808

5 893 413 ⁴277 44 489 14 885 ’147 541
θ 575 713 7191100 148 ’94 398 2³²=401 288
7 5308 184 4571554 815 18 ²:³5 1171478800

      
   

 

  
   

     

        
            

         

8 9 5781751) 181755 114οἱ5441 4511731480 S 83 8881888 447188 718 463 740 984 777
9 10115 200 390 840 451 587113514081473 9 774 107 174 41 198 ’52 445 401795 595
’ 10 71 ³45 dbsstfflssbffi 1⁹T!l⁹6 3394203 759 10 4116οῚ8001797 484 05 1315871858 588

 

 

 

 

11 81571 118
1 n ”¹³⁵0
¹ 1³ 788881

4714'7821295 8⁰d¹lvl2 1⁴7} 35 1Ι 709138178597 494 91'728 875 547 1
” 11 781511 34 8 30 ’1211987 4581438 882
1³ 7811 715831185 41 97 588 379 473 141

14 1⁹3 ³⁹7 mmmm« 16⁹]7ss llfihssflffifio

1
&8:889 541 797 148 77 8034170

584 701 '⁵⁰1 71,8“15.81711 1 11177

  
  

Ῑ 11 1³⁹ 5785111188 115595134 essm

 

 

 

 

